Sample	bam_file	total_reads	mapped_reads	mapped_bases	sequenced_bases	mean_insert_size	median_insert_size	mean_mapping_quality	general_error_rate	mean_coverage	percentage_aligned
F6_MOCK_1_MP180.p2	F6_MOCK_1_MP180.p2.Aligned.sortedByCoord.out.bam	46657286.0	46117649.0	62957442758.0	6240810234.0	1720.9737	243.0	19.2151	0.0	23.0988	98.84340250738116
F6_MOCK_2_MP180.p2	F6_MOCK_2_MP180.p2.Aligned.sortedByCoord.out.bam	62618156.0	61865876.0	86013746942.0	8467950663.0	1781.3345	258.0	19.0992	0.0	31.5581	98.7986231980386
F6_MOCK_3_MP180.p2	F6_MOCK_3_MP180.p2.Aligned.sortedByCoord.out.bam	46532902.0	46073763.0	62345173190.0	6297764433.0	1754.6937	254.0	19.8469	0.0	22.8742	99.01330245854858
F6_MOCK_4_MP180.p2	F6_MOCK_4_MP180.p2.Aligned.sortedByCoord.out.bam	50601244.0	49919058.0	66998449145.0	6802767819.0	1773.1182	249.0	19.6375	0.0	24.5815	98.65183946861069
F6_RAS_1_MP180.p2	F6_RAS_1_MP180.p2.Aligned.sortedByCoord.out.bam	48550541.0	47744856.0	68335164257.0	6515564265.0	1839.3246	251.0	19.1066	0.0	25.0719	98.34052312619957
F6_RAS_2_MP180.p2	F6_RAS_2_MP180.p2.Aligned.sortedByCoord.out.bam	51615689.0	50782410.0	71251557479.0	6859651209.0	1831.445	248.0	19.1998	0.0	26.1419	98.38560907324127
F6_RAS_3_MP180.p2	F6_RAS_3_MP180.p2.Aligned.sortedByCoord.out.bam	53926003.0	53037154.0	75115696732.0	7229193270.0	1840.8173	252.0	19.2688	0.0	27.5596	98.35172467723966
F6_RAS_4_MP180.p2	F6_RAS_4_MP180.p2.Aligned.sortedByCoord.out.bam	52911436.0	52026745.0	73592395125.0	7094179898.0	1842.545	253.0	19.2992	0.0	27.0007	98.32797771733128
F9_MOCK_1_MP180.p2	F9_MOCK_1_MP180.p2.Aligned.sortedByCoord.out.bam	61155088.0	60300587.0	82761910430.0	8179165667.0	1765.598	239.0	19.1883	0.0	30.365	98.60273114152007
F9_MOCK_1_MP192.p2	F9_MOCK_1_MP192.p2.Aligned.sortedByCoord.out.bam	48980748.0	48373288.0	65236518665.0	6553423020.0	1737.5002	249.0	19.4341	0.0	23.935	98.75979844162444
F9_MOCK_2_MP180.p2	F9_MOCK_2_MP180.p2.Aligned.sortedByCoord.out.bam	46028983.0	45434215.0	61915801421.0	6188875683.0	1777.0508	241.0	19.3645	0.0	22.7167	98.70784023188173
F9_MOCK_2_MP192.p2	F9_MOCK_2_MP192.p2.Aligned.sortedByCoord.out.bam	46147253.0	45605150.0	61626530686.0	6182895154.0	1745.0761	252.0	19.6135	0.0	22.6105	98.82527568867425
F9_MOCK_3_MP180.p2	F9_MOCK_3_MP180.p2.Aligned.sortedByCoord.out.bam	52518495.0	51852787.0	70829209344.0	7068920709.0	1754.6685	241.0	19.3714	0.0	25.9869	98.73243130824673
F9_MOCK_3_MP192.p2	F9_MOCK_3_MP192.p2.Aligned.sortedByCoord.out.bam	52600193.0	51879662.0	69701839056.0	7080760854.0	1762.1084	251.0	19.8198	0.0	25.5733	98.63017422768772
F9_MOCK_4_MP180.p2	F9_MOCK_4_MP180.p2.Aligned.sortedByCoord.out.bam	57426470.0	56751967.0	77362070406.0	7711225455.0	1732.0542	238.0	19.3572	0.0	28.3838	98.8254493093516
F9_MOCK_4_MP192.p2	F9_MOCK_4_MP192.p2.Aligned.sortedByCoord.out.bam	42075026.0	41522951.0	57593694329.0	5840867252.0	1910.2161	291.0	19.9273	0.0	21.1309	98.68787959869591
F9_RAS_1_MP180.p2	F9_RAS_1_MP180.p2.Aligned.sortedByCoord.out.bam	45587531.0	44794191.0	63329334736.0	6104672300.0	1814.2782	251.0	19.1331	0.0	23.2353	98.25974343730087
F9_RAS_1_MP192.p2	F9_RAS_1_MP192.p2.Aligned.sortedByCoord.out.bam	47661188.0	46902583.0	66943429439.0	6375219251.0	1798.3732	246.0	19.2983	0.0	24.5613	98.40833803806989
F9_RAS_2_MP180.p2	F9_RAS_2_MP180.p2.Aligned.sortedByCoord.out.bam	66843660.0	65771684.0	91662004113.0	8907035703.0	1783.5587	248.0	19.331	0.0	33.6304	98.3962936799092
F9_RAS_2_MP192.p2	F9_RAS_2_MP192.p2.Aligned.sortedByCoord.out.bam	57547331.0	56532760.0	80467170920.0	7657448186.0	1819.4743	245.0	19.3049	0.0	29.5231	98.2369799217969
F9_RAS_3_MP180.p2	F9_RAS_3_MP180.p2.Aligned.sortedByCoord.out.bam	57098375.0	56070613.0	77520617480.0	7616275966.0	1791.5469	244.0	19.5484	0.0	28.442	98.20001532442912
F9_RAS_3_MP192.p2	F9_RAS_3_MP192.p2.Aligned.sortedByCoord.out.bam	46151789.0	45438776.0	65495335848.0	6205624773.0	1817.2709	248.0	19.2804	0.0	24.03	98.45506963987897
F9_RAS_4_MP180.p2	F9_RAS_4_MP180.p2.Aligned.sortedByCoord.out.bam	45506028.0	44600428.0	63207651035.0	6257397338.0	2010.0834	285.0	19.8389	0.0	23.1906	98.00993398061462
F9_RAS_4_MP192.p2	F9_RAS_4_MP192.p2.Aligned.sortedByCoord.out.bam	53604876.0	52701473.0	76350072952.0	7183552638.0	1826.6007	251.0	19.2486	0.0	28.0125	98.3146999537878
WT_MOCK_1_MP180.p2	WT_MOCK_1_MP180.p2.Aligned.sortedByCoord.out.bam	58263170.0	57620331.0	77528946934.0	7725327436.0	1653.7738	235.0	18.8652	0.0	28.4451	98.89666319220186
WT_MOCK_1_MP192.p2	WT_MOCK_1_MP192.p2.Aligned.sortedByCoord.out.bam	47712703.0	47194912.0	64194969526.0	6397852974.0	1710.7689	248.0	19.1832	0.0	23.5529	98.91477328375214
WT_MOCK_2_MP180.p2	WT_MOCK_2_MP180.p2.Aligned.sortedByCoord.out.bam	55122323.0	54505726.0	73016546030.0	7299307050.0	1643.6289	231.0	19.0881	0.0	26.7895	98.88140236760341
WT_MOCK_2_MP192.p2	WT_MOCK_2_MP192.p2.Aligned.sortedByCoord.out.bam	53093241.0	52524179.0	71194307135.0	7072248086.0	1689.6824	243.0	19.0688	0.0	26.1209	98.9281837211633
WT_MOCK_3_MP180.p2	WT_MOCK_3_MP180.p2.Aligned.sortedByCoord.out.bam	54191739.0	53524304.0	72298247906.0	7226853352.0	1675.9487	237.0	19.151	0.0	26.5259	98.76838239127184
WT_MOCK_3_MP192.p2	WT_MOCK_3_MP192.p2.Aligned.sortedByCoord.out.bam	52575433.0	51847320.0	69596692764.0	6977080868.0	1718.9291	240.0	19.3255	0.0	25.5347	98.61510793453665
WT_MOCK_4_MP180.p2	WT_MOCK_4_MP180.p2.Aligned.sortedByCoord.out.bam	57805160.0	57182589.0	77624121217.0	7735213751.0	1694.8156	243.0	19.1553	0.0	28.48	98.92298369211329
WT_MOCK_4_MP192.p2	WT_MOCK_4_MP192.p2.Aligned.sortedByCoord.out.bam	44543749.0	43683296.0	62358414427.0	5950789372.0	1841.2151	247.0	19.4816	0.0	22.879	98.06829685574961
WT_RAS_1_MP180.p2	WT_RAS_1_MP180.p2.Aligned.sortedByCoord.out.bam	47591389.0	46846861.0	66107694952.0	6358435196.0	1794.1341	251.0	18.9667	0.0	24.2546	98.43558253784104
WT_RAS_1_MP192.p2	WT_RAS_1_MP192.p2.Aligned.sortedByCoord.out.bam	38184894.0	37568634.0	55341434637.0	5253028119.0	1952.9796	282.0	19.2855	0.0	20.3045	98.38611572419188
WT_RAS_2_MP180.p2	WT_RAS_2_MP180.p2.Aligned.sortedByCoord.out.bam	52983881.0	52156266.0	72980970517.0	7050067887.0	1774.3688	244.0	19.1082	0.0	26.7764	98.43798720595798
WT_RAS_2_MP192.p2	WT_RAS_2_MP192.p2.Aligned.sortedByCoord.out.bam	49015476.0	48190235.0	68925825831.0	6546315224.0	1851.2227	250.0	19.0213	0.0	25.2886	98.31636644720129
WT_RAS_3_MP180.p2	WT_RAS_3_MP180.p2.Aligned.sortedByCoord.out.bam	47037767.0	46205557.0	65322568913.0	6293120108.0	1824.027	249.0	19.1723	0.0	23.9666	98.23076210229112
WT_RAS_3_MP192.p2	WT_RAS_3_MP192.p2.Aligned.sortedByCoord.out.bam	43329590.0	42718401.0	60931899963.0	5797212632.0	1786.8496	246.0	18.9188	0.0	22.3557	98.58944199564316
WT_RAS_4_MP180.p2	WT_RAS_4_MP180.p2.Aligned.sortedByCoord.out.bam	60182236.0	59191687.0	82738730509.0	8044203551.0	1803.0333	251.0	19.3139	0.0	30.3565	98.35408408554312
WT_RAS_4_MP192.p2	WT_RAS_4_MP192.p2.Aligned.sortedByCoord.out.bam	56515495.0	55484301.0	79606907689.0	7564943538.0	1856.4845	252.0	19.1911	0.0	29.2074	98.17537827457762
