Sample	total_reads	Uni_Vec counts	Uni_Vec percentage	rRNA counts	rRNA percentage	No hits counts	No hits percentage
F6_MOCK_1_MP180.R1.trim_screen	1015264	913.0	0.08	18187.0	1.79	996786	98.18
F6_MOCK_1_MP180.R2.trim_screen	1015264	1083.0	0.11000000000000001	18214.0	1.79	996684	98.17
F6_MOCK_2_MP180.R1.trim_screen	989637	906.0	0.09000000000000001	18413.0	1.86	971031	98.12
F6_MOCK_2_MP180.R2.trim_screen	989637	1055.0	0.11000000000000001	18409.0	1.85	970932	98.11
F6_MOCK_3_MP180.R1.trim_screen	1015820	1035.0	0.11	16185.0	1.6	999363	98.38
F6_MOCK_3_MP180.R2.trim_screen	1015820	1158.0	0.12	16222.0	1.6	999262	98.37
F6_MOCK_4_MP180.R1.trim_screen	1007462	1026.0	0.1	17292.0	1.7200000000000002	989932	98.26
F6_MOCK_4_MP180.R2.trim_screen	1007462	1271.0	0.13	17269.0	1.7100000000000002	989831	98.25
F6_RAS_1_MP180.R1.trim_screen	1012133	2385.0	0.22999999999999998	15824.0	1.56	994724	98.28
F6_RAS_1_MP180.R2.trim_screen	1012133	2466.0	0.24	15794.0	1.56	994724	98.28
F6_RAS_2_MP180.R1.trim_screen	984398	2065.0	0.21000000000000002	13255.0	1.35	969828	98.52
F6_RAS_2_MP180.R2.trim_screen	984398	2183.0	0.22000000000000003	13251.0	1.34	969828	98.52
F6_RAS_3_MP180.R1.trim_screen	988463	2080.0	0.21000000000000002	15432.0	1.55	971757	98.31
F6_RAS_3_MP180.R2.trim_screen	988463	2186.0	0.21000000000000002	15427.0	1.56	971659	98.3
F6_RAS_4_MP180.R1.trim_screen	1010910	2214.0	0.22000000000000003	15872.0	1.57	993623	98.29
F6_RAS_4_MP180.R2.trim_screen	1010910	2366.0	0.22999999999999998	15900.0	1.57	993522	98.28
F9_MOCK_1_MP180.R1.trim_screen	1002565	1022.0	0.11	17531.0	1.7500000000000002	984819	98.23
F9_MOCK_1_MP180.R2.trim_screen	1002565	1179.0	0.12	17563.0	1.7500000000000002	984619	98.21
F9_MOCK_1_MP192.R1.trim_screen	1018662	978.0	0.1	18081.0	1.78	1000326	98.2
F9_MOCK_1_MP192.R2.trim_screen	1018662	1177.0	0.12	18236.0	1.7900000000000003	1000020	98.17
F9_MOCK_2_MP180.R1.trim_screen	1006997	929.0	0.09000000000000001	13944.0	1.3900000000000001	992798	98.59
F9_MOCK_2_MP180.R2.trim_screen	1006997	1169.0	0.12	14016.0	1.3900000000000001	992596	98.57
F9_MOCK_2_MP192.R1.trim_screen	1006012	996.0	0.1	15584.0	1.54	990117	98.42
F9_MOCK_2_MP192.R2.trim_screen	1006012	1149.0	0.12	15642.0	1.56	990016	98.41
F9_MOCK_3_MP180.R1.trim_screen	1004210	929.0	0.09000000000000001	18365.0	1.83	985632	98.15
F9_MOCK_3_MP180.R2.trim_screen	1004210	1176.0	0.12	18432.0	1.84	985431	98.13
F9_MOCK_3_MP192.R1.trim_screen	1003993	1004.0	0.09000000000000001	16807.0	1.6700000000000002	986925	98.3
F9_MOCK_3_MP192.R2.trim_screen	1003993	1209.0	0.12	16834.0	1.6800000000000002	986824	98.29
F9_MOCK_4_MP180.R1.trim_screen	1013789	1041.0	0.09000000000000001	16269.0	1.6	997264	98.37
F9_MOCK_4_MP180.R2.trim_screen	1013789	1206.0	0.12	16288.0	1.6	997162	98.36
F9_MOCK_4_MP192.R1.trim_screen	1021940	1119.0	0.1	13031.0	1.27	1008654	98.7
F9_MOCK_4_MP192.R2.trim_screen	1021940	1323.0	0.13	13183.0	1.29	1008348	98.67
F9_RAS_1_MP180.R1.trim_screen	995567	2476.0	0.26	16512.0	1.6700000000000002	977348	98.17
F9_RAS_1_MP180.R2.trim_screen	995567	2620.0	0.26	16573.0	1.6700000000000002	977149	98.15
F9_RAS_1_MP192.R1.trim_screen	995307	2766.0	0.28	15980.0	1.6	977491	98.21
F9_RAS_1_MP192.R2.trim_screen	995307	2817.0	0.29000000000000004	15974.0	1.61	977391	98.2
F9_RAS_2_MP180.R1.trim_screen	988060	2322.0	0.22999999999999998	16601.0	1.6800000000000002	969879	98.16
F9_RAS_2_MP180.R2.trim_screen	988060	2415.0	0.24	16559.0	1.6700000000000002	969879	98.16
F9_RAS_2_MP192.R1.trim_screen	1016052	2646.0	0.26	14938.0	1.4700000000000002	999388	98.36
F9_RAS_2_MP192.R2.trim_screen	1016052	2819.0	0.27	14984.0	1.4700000000000002	999185	98.34
F9_RAS_3_MP180.R1.trim_screen	1006418	2301.0	0.22999999999999998	15604.0	1.56	989308	98.3
F9_RAS_3_MP180.R2.trim_screen	1006418	2490.0	0.25	15606.0	1.55	989208	98.29
F9_RAS_3_MP192.R1.trim_screen	1010619	2750.0	0.27	16115.0	1.59	992731	98.23
F9_RAS_3_MP192.R2.trim_screen	1010619	2862.0	0.29000000000000004	16117.0	1.6	992629	98.22
F9_RAS_4_MP180.R1.trim_screen	1000565	2421.0	0.22999999999999998	13785.0	1.37	985156	98.46
F9_RAS_4_MP180.R2.trim_screen	1000565	2589.0	0.25	13832.0	1.3800000000000001	985056	98.45
F9_RAS_4_MP192.R1.trim_screen	986682	3005.0	0.3	16374.0	1.6500000000000001	968132	98.12
F9_RAS_4_MP192.R2.trim_screen	986682	3063.0	0.31	16371.0	1.6600000000000001	968033	98.11
WT_MOCK_1_MP180.R1.trim_screen	987441	785.0	0.08	16438.0	1.6600000000000001	970851	98.32
WT_MOCK_1_MP180.R2.trim_screen	987441	942.0	0.09000000000000001	16478.0	1.6700000000000002	970753	98.31
WT_MOCK_1_MP192.R1.trim_screen	991235	942.0	0.1	18234.0	1.84	972798	98.14
WT_MOCK_1_MP192.R2.trim_screen	991235	1095.0	0.11000000000000001	18310.0	1.84	972599	98.12
WT_MOCK_2_MP180.R1.trim_screen	1006951	839.0	0.08	20879.0	2.07	985905	97.91
WT_MOCK_2_MP180.R2.trim_screen	1006951	926.0	0.09000000000000001	20905.0	2.0799999999999996	985805	97.9
WT_MOCK_2_MP192.R1.trim_screen	1009192	855.0	0.08	20450.0	2.02	988503	97.95
WT_MOCK_2_MP192.R2.trim_screen	1009192	990.0	0.1	20496.0	2.0300000000000002	988402	97.94
WT_MOCK_3_MP180.R1.trim_screen	991037	820.0	0.08	21172.0	2.13	969729	97.85
WT_MOCK_3_MP180.R2.trim_screen	991037	941.0	0.1	21163.0	2.13	969630	97.84
WT_MOCK_3_MP192.R1.trim_screen	999361	877.0	0.08	20450.0	2.04	978674	97.93
WT_MOCK_3_MP192.R2.trim_screen	999361	1091.0	0.11000000000000001	20472.0	2.04	978574	97.92
WT_MOCK_4_MP180.R1.trim_screen	1016751	850.0	0.09000000000000001	21759.0	2.15	994789	97.84
WT_MOCK_4_MP180.R2.trim_screen	1016751	981.0	0.09000000000000001	21828.0	2.15	994687	97.83
WT_MOCK_4_MP192.R1.trim_screen	1024450	3212.0	0.31000000000000005	17159.0	1.6700000000000002	1004985	98.1
WT_MOCK_4_MP192.R2.trim_screen	1024450	3309.0	0.31999999999999995	17231.0	1.6800000000000002	1004883	98.09
WT_RAS_1_MP180.R1.trim_screen	990083	2070.0	0.21000000000000002	17694.0	1.78	971073	98.08
WT_RAS_1_MP180.R2.trim_screen	990083	2174.0	0.21000000000000002	17664.0	1.78	970974	98.07
WT_RAS_1_MP192.R1.trim_screen	980496	2296.0	0.24	16373.0	1.6700000000000002	962650	98.18
WT_RAS_1_MP192.R2.trim_screen	980496	2401.0	0.24	16368.0	1.6700000000000002	962552	98.17
WT_RAS_2_MP180.R1.trim_screen	1008443	2149.0	0.22000000000000003	18217.0	1.81	988879	98.06
WT_RAS_2_MP180.R2.trim_screen	1008443	2323.0	0.22999999999999998	18303.0	1.81	988677	98.04
WT_RAS_2_MP192.R1.trim_screen	1022337	2208.0	0.21000000000000002	18279.0	1.7800000000000002	1002708	98.08
WT_RAS_2_MP192.R2.trim_screen	1022337	2457.0	0.24	18372.0	1.8000000000000003	1002401	98.05
WT_RAS_3_MP180.R1.trim_screen	978582	2153.0	0.22000000000000003	19884.0	2.0300000000000002	957346	97.83
WT_RAS_3_MP180.R2.trim_screen	978582	2255.0	0.22999999999999998	19891.0	2.0300000000000002	957248	97.82
WT_RAS_3_MP192.R1.trim_screen	993391	2054.0	0.2	16985.0	1.7100000000000002	975112	98.16
WT_RAS_3_MP192.R2.trim_screen	993391	2210.0	0.22999999999999998	17073.0	1.7200000000000002	974913	98.14
WT_RAS_4_MP180.R1.trim_screen	982926	2159.0	0.21000000000000002	16207.0	1.64	965331	98.21
WT_RAS_4_MP180.R2.trim_screen	982926	2264.0	0.22999999999999998	16218.0	1.6500000000000001	965233	98.2
WT_RAS_4_MP192.R1.trim_screen	997790	2353.0	0.24	17412.0	1.75	978831	98.1
WT_RAS_4_MP192.R2.trim_screen	997790	2453.0	0.24	17417.0	1.7500000000000002	978732	98.09
